20509.0, 0.0
-33.96, 228.48
-81.15, 98.96
9.11, -77.75
185.07, -129.56
-54.0, 25.44
131.07, -87.32
69.97, 22.54
-96.88, 131.04
375.07, -174.02
-77.43, -23.34
203.66, -139.79
-30.11, 294.14
-121.32, 238.98
145.6, 161.51
225.81, 55.0
-119.32, 156.76
-206.48, -106.1
48.83, -135.26
-71.55, -200.05
2.37, -43.14
49.83, -73.92
24.52, -235.04
-40.52, 128.65
-209.39, 4.11
28.57, 84.06
122.39, 55.26
-176.5, 117.67
86.27, -29.56
-147.97, 90.59
-243.54, -46.9
-86.17, 146.01
33.03, 266.98
-153.91, 56.34
251.33, -207.71
10.14, -38.38
33.82, -106.16
173.63, 3.5
149.95, -86.6
6.0, 18.89
21.18, -240.66
100.19, 154.63
-53.99, -134.96
-176.51, 1.93
-120.37, -125.13
35.36, -42.75
239.01, -77.88
123.42, 75.3
-120.31, -90.95
74.8, 0.22
-166.25, 183.53
-212.22, 76.84
62.71, -212.18
1.42, -205.65
-64.57, -55.04
64.71, 23.87
-13.65, -64.11
9.73, 118.34
-49.58, 231.64
57.83, 13.86
167.21, 213.87
255.95, 44.78
-31.29, 118.46
53.33, -70.27
-322.09, 26.37
-108.19, 4.59
-143.49, -27.97
13.77, 183.56
-124.79, 180.14
-97.59, -18.31
170.34, -90.93
80.4, -150.08
76.46, -86.93
-112.85, -65.57
-188.85, 237.36
73.36, 130.87
123.71, 114.66
-42.21, -36.54
-111.67, -40.88
-36.33, -41.06
-11.16, -65.97
-194.83, -143.84
113.92, 99.39
26.45, 85.66
-36.39, 34.12
-37.19, -107.76
74.85, 71.08
-228.82, 243.36
-215.55, -104.5
-291.08, -336.66
-208.65, 96.11
-93.67, 213.58
-105.81, 6.81
-98.11, 146.51
85.65, -44.57
-20.98, -201.97
259.34, 20.67
-183.05, 88.86
-45.06, -149.49
-167.17, 23.86
39.68, -82.42
77.42, 362.21
157.15, -209.07
-29.84, 104.43
144.8, -69.54
314.01, 88.87
26.09, -224.74
-25.12, 56.45
97.28, 402.09
82.73, -252.21
317.41, -94.26
-89.38, -55.9
35.14, 9.15
-79.04, 72.65
55.82, -97.17
-109.04, 67.41
97.06, -418.22
7.64, -64.16
115.61, -127.12
-162.68, -170.82
11.12, -133.31
275.16, -14.3
-93.91, -234.88
-126.06, -95.11
-267.89, -50.13
91.83, -72.7
-61.78, 6.47
-198.33, -39.44
-55.6, 251.22
-57.17, 46.19
-51.49, -174.36
233.35, -8.27
-28.37, -85.44
-39.18, 158.15
116.77, -182.71
90.0, -48.89
113.42, -140.09
164.92, 38.51
211.38, -2.66
116.83, 56.39
23.12, 150.84
123.61, 105.86
-41.96, 188.87
182.53, -133.28
-23.49, -215.72
-298.41, -24.72
228.89, -86.28
-106.54, -62.46
-11.98, 184.05
95.07, -2.43
-123.73, 196.33
44.19, -136.63
6.68, 139.0
139.19, 356.14
-123.58, -52.57
-3.92, -130.08
-41.58, -83.59
-11.69, 14.4
31.49, -12.65
-245.16, 8.54
-448.75, -249.88
-80.09, 246.69
114.61, 16.63
200.05, -184.63
-87.71, 25.33
-20.03, -1.08
211.6, 41.5
40.96, 40.45
-64.53, -106.88
-95.36, -153.83
0.56, -69.01
17.96, 100.62
-67.31, -35.14
322.7, -175.44
-207.87, -91.75
-6.88, -229.5
-340.91, -119.37
-8.52, -506.02
-170.95, 1.48
170.52, -43.09
-37.9, -80.02
200.79, -120.14
-96.89, 88.19
-205.7, -39.26
17.11, -82.38
-91.76, 100.03
196.04, 235.48
33.45, 168.54
-46.17, -1.15
195.42, -5.81
87.62, 57.65
115.39, -94.95
229.94, -239.85
-29.69, -33.25
-275.91, -246.58
-164.32, 9.36
-130.43, -101.66
-186.72, 114.61
90.13, 99.35
21.63, -127.12
72.99, 110.13
-46.98, -177.44
135.78, 5.36
-16.81, 114.94
102.22, -169.15
-29.9, -18.37
-65.61, 101.36
42.59, 110.62
101.53, -73.72
-183.91, -71.47
-179.19, 85.77
74.07, -249.35
-117.49, 100.27
173.85, -113.72
-93.34, 51.89
75.79, -40.04
-75.29, -152.19
53.21, 116.18
122.42, -134.41
-7.86, -84.36
115.39, 217.06
145.02, -7.09
148.75, -20.33
-91.11, 180.36
70.94, -364.83
-29.88, -41.7
120.2, -151.66
-203.48, -167.7
425.45, 173.43
148.07, 11.55
215.05, -113.14
57.57, -194.64
48.26, 40.99
72.06, -20.81
-62.78, -9.67
-205.55, 239.86
181.1, 352.14
304.69, 156.17
-55.2, 161.6
231.96, -18.58
-280.66, -124.68
162.09, -18.16
88.75, -53.08
-73.85, -206.67
-72.75, 111.41
108.03, 183.5
-146.18, -176.64
17.7, 194.3
41.41, 516.64
102.91, -116.83
6.36, 113.59
-100.0, 206.51
-38.91, -221.33
210.06, -74.76
286.08, 46.88
7.59, 103.73
-103.01, 100.34
-30.72, 189.66
-83.12, -24.97
-171.14, 35.93
-28.32, -305.25
126.93, -100.39
313.83, 105.54
-20.06, 190.22
66.31, 92.59
-208.94, 50.22
173.47, 17.44
-249.89, -57.76
-162.5, -36.27
59.0, -205.16
127.67, -98.24
-57.43, 164.61
101.71, -185.67
-266.64, -241.1
-154.83, -120.82
113.74, 134.86
-176.83, -42.81
31.68, -131.47
79.32, 232.29
-124.23, -44.21
-188.66, -64.38
19.19, -253.74
46.37, -233.52
-50.33, 78.2
-57.45, 159.86
114.29, -337.72
-1.18, 38.77
13.58, -22.04
5.33, 172.47
-270.91, 19.03
15.19, -264.37
-43.64, -100.15
217.88, 76.02
-2.53, -287.81
-111.46, -9.04
24.97, 43.44
33.89, 108.13
102.31, 146.03
35.41, 2.68
46.21, -160.52
171.68, 122.35
-132.73, 2.49
-112.76, 102.54
161.67, 233.17
-111.05, -33.01
-99.77, 75.21
112.01, 241.47
-50.96, 154.78
-103.6, -36.75
-31.99, 121.05
-149.3, 134.53
36.2, 168.82
134.52, 94.86
-187.22, -183.27
-117.21, 110.79
49.22, -161.09
3.99, -56.46
13.79, 7.22
125.46, -183.61
77.76, -142.02
29.7, 62.24
-80.72, 78.8
-270.02, 114.74
-50.16, -298.77
-20.61, 17.7
3.65, 227.34
96.05, 147.77
-83.63, 36.05
-101.23, -129.16
149.56, 62.66
278.09, -78.15
-119.08, -35.79
-38.47, 124.7
-169.2, 85.99
-188.15, -212.38
-46.24, 86.03
178.45, 236.61
240.83, 143.98
-13.82, -82.04
74.24, -112.85
227.42, -58.91
162.21, -47.89
180.52, 62.86
40.38, 94.72
-202.56, -96.58
-116.23, 139.89
-61.76, 99.97
43.91, -42.67
48.39, -50.4
134.21, 135.57
181.66, -56.76
-30.93, 184.0
-11.35, 129.86
-24.22, 97.67
267.76, 28.95
17.61, 56.88
-72.41, -58.92
-116.89, 156.71
-261.19, -31.76
-12.53, -131.94
323.11, -69.1
-3.28, -32.45
86.51, -54.45
-126.25, 56.71
-9.69, 148.37
-37.97, -275.8
85.51, -118.83
27.04, -90.02
-175.76, 18.01
112.48, 41.33
-62.57, 12.73
-369.28, 1.35
-50.97, 44.9
-78.46, 21.23
134.58, 59.93
-199.21, 94.75
112.38, -41.11
-311.03, -149.31
80.44, -233.39
-54.73, 179.39
-57.15, -212.61
121.58, 230.76
90.68, -11.13
40.77, -20.7
-44.65, 66.67
126.2, -61.82
-250.68, 304.59
84.86, -67.25
377.97, 404.98
-283.97, 158.54
60.65, 143.34
84.89, -149.55
65.92, 39.76
-54.74, -64.89
-82.5, -30.29
-26.97, -62.87
-99.9, -173.39
302.59, 160.04
-27.59, -230.51
112.72, -119.83
-221.19, 123.27
127.33, 33.22
330.45, 2.41
-121.2, -52.96
-3.9, 18.09
-36.33, -43.93
-124.73, -79.35
-246.12, 69.74
38.39, 8.01
-107.2, -44.96
-336.2, 280.08
-84.77, 237.17
-4.69, 14.6
-67.26, 309.08
-6.55, 29.82
11.6, -54.16
55.47, -40.97
-21.29, 45.41
79.03, -34.34
207.16, 6.68
-49.16, -64.65
-53.32, -15.08
449.41, 301.85
-143.89, 162.54
5.37, 78.61
113.75, 91.65
-51.25, 185.58
119.38, 20.06
245.75, -118.62
322.21, -57.0
85.83, -35.5
-3.9, -67.51
-17.76, 8.83
3.26, 89.01
-9.62, -19.41
-216.69, -127.82
241.83, -111.74
13.55, 16.93
-87.57, 176.81
-282.92, -32.2
131.19, -164.29
160.9, 54.16
194.02, -11.26
195.16, -160.86
-196.59, -23.0
51.31, 66.04
72.92, 69.46
331.6, 175.05
99.84, -81.49
-32.09, 188.7
164.39, -128.42
72.01, -71.62
-25.56, -84.34
368.08, -100.41
116.37, 108.02
-121.47, -65.38
-23.82, 57.98
61.46, 45.43
-2.76, 112.74
-165.18, 51.52
233.78, -43.05
-33.21, -138.69
-69.48, -135.19
35.2, -168.68
-65.03, -144.7
-210.85, 322.4
-137.58, 35.01
-145.49, 99.88
99.15, -10.01
-11.23, -100.57
-188.85, 37.53
-213.7, 352.08
-67.52, 188.4
-4.45, -57.18
235.23, 109.4
162.55, 121.73
236.56, 79.0
218.98, -67.25
149.26, 48.87
-168.47, -42.2
54.5, -111.08
5.34, 34.7
-10.39, -171.2
-149.52, -98.94
58.81, -95.82
17.54, 19.69
26.81, -9.32
76.7, 151.53
-34.56, -195.53
44.11, -278.32
-11.12, -24.55
-9.55, -178.87
206.39, 21.57
51.33, 126.88
-105.89, 298.58
-280.09, -93.78
170.15, 164.64
-194.53, -52.73
-195.44, -127.83
84.13, -34.95
7.78, -17.34
-128.2, -184.43
16.19, 152.23
-110.47, 112.12
-62.33, 73.45
217.97, -18.14
30.66, -226.43
-85.97, -343.55
36.0, 39.72
60.46, -139.19
211.1, 8.2
26.25, -58.53
-61.88, 55.95
-129.23, -71.22
143.38, -47.49
-21.18, -17.43
28.11, -23.26
327.39, -39.67
21.82, -67.02
126.87, 172.12
143.62, -3.2
125.32, 71.41
-90.83, 185.21
-209.9, 114.81
-123.19, 132.45
-96.06, -17.22
89.71, -80.57
-28.79, -149.8
-160.44, 3.89
7.88, 58.34
223.91, -86.76
121.12, 168.2
-146.53, 50.74
-33.42, 6.28
8.27, -154.68
-109.04, 65.29
-95.77, 118.19
-11.3, -133.48
-170.39, -4.83
330.69, 92.49
64.71, -147.48
-14.33, 158.79
69.32, -86.3
-47.04, 221.37
68.76, 146.06
57.96, -101.32
-22.15, 158.74
-224.3, -227.5
12.73, 217.0
-142.71, 81.9
-35.41, 198.92
-154.04, -21.29
-37.34, -162.12
-167.4, -68.08
-68.01, -29.62
56.03, 164.72
-111.35, -131.63
41.87, -9.72
-26.99, 38.42
-116.16, -162.45
-96.34, -47.47
-14.14, -271.38
249.94, 133.66
51.39, -157.15
-296.33, 188.92
-67.36, 389.04
34.55, 29.62
-209.69, 57.37
-19.18, -137.4
48.26, 176.72
189.06, 268.06
-158.04, -364.99
0.16, -199.24
-67.28, -140.15
9.48, 13.8
-420.04, 307.42
-11.04, 69.97
41.47, -166.98
-198.5, -31.73
178.07, 248.17
-101.04, 73.45
104.76, 147.01
-23.76, 35.69
96.55, -71.25
115.63, 253.64
249.65, 46.67
172.6, 14.0
127.95, -82.44
156.17, 108.45
47.46, 74.0
-1.83, -17.42
71.64, 109.4
-28.93, 73.8
-205.82, 27.98
52.53, -55.4
211.1, -122.19
68.82, 78.06
-298.71, 77.62
-50.48, 142.98
-17.97, -105.72
53.02, -35.35
12.82, -58.0
-127.22, 65.84
-217.93, -95.17
-38.54, 87.34
-108.82, 225.31
-103.09, 311.09
10.23, -29.62
4.09, 401.74
239.03, 214.86
39.15, -29.62
-149.59, 143.0
95.63, 99.91
147.94, 19.71
268.74, 198.98
-5.72, -14.62
-295.66, 26.16
237.69, -40.29
-129.29, 21.6
-3.5, 178.1
-103.77, -218.17
72.51, 216.75
-65.79, 118.71
227.45, 228.73
67.02, -163.87
-75.58, -44.68
119.32, -101.65
210.26, -63.59
234.31, 69.64
132.77, -30.06
-103.35, 41.5
-13.7, 12.06
-132.58, -125.75
-28.41, 77.53
-37.06, -12.61
183.51, -16.27
276.42, 15.04
-184.23, 14.36
14.12, 40.95
97.33, -84.86
39.88, 85.23
245.45, -128.56
-264.88, 124.42
99.02, -272.89
-232.16, 96.14
0.49, -49.64
-0.12, 63.59
225.38, 306.01
117.64, -117.86
-308.78, -88.35
-19.6, -20.77
-121.58, -43.71
51.76, 127.44
565.37, 60.42
195.04, -210.78
-109.93, 55.96
-122.49, 100.79
-77.98, 88.46
-46.45, -16.81
58.12, 175.39
4.42, -66.48
-12.34, 54.47
-99.48, 180.93
-33.57, 71.8
119.25, -73.69
285.88, 142.19
111.43, -16.06
130.38, 44.02
-57.62, -96.32
-104.51, -136.58
276.39, 83.14
-137.83, -193.26
-140.84, -78.18
-281.67, 88.69
13.23, 24.84
57.21, 109.51
-102.55, -55.03
251.8, 317.18
-345.67, -91.9
-38.03, 292.17
325.56, -217.2
-204.07, -74.78
90.21, 85.68
-121.66, 153.01
148.65, -410.38
-141.52, 148.23
-144.88, -195.71
-23.3, -58.36
-192.59, 126.53
6.25, 144.86
-151.59, 144.85
-63.74, -465.88
318.34, 14.49
33.76, 327.05
193.78, -73.47
98.62, -9.93
49.17, 93.97
164.99, -232.15
45.31, 77.89
-136.26, -15.55
66.84, 102.94
132.35, 182.95
-100.74, 268.05
-58.08, 165.85
40.45, 109.22
23.51, 18.0
171.94, 2.6
99.14, 226.55
72.34, 72.36
-187.93, 153.48
-66.26, -192.56
-375.73, -95.76
12.51, -53.25
5.8, -2.59
30.27, 102.61
278.57, 73.95
-219.65, 113.04
-12.61, -128.5
77.65, 120.7
-215.68, 57.95
-227.07, -26.18
-345.79, -41.46
-64.22, 186.88
173.49, 5.48
-164.55, 113.69
216.16, 51.25
270.73, 22.18
-125.77, -50.82
133.08, -1.92
62.85, 31.83
-224.68, -204.34
156.79, 36.92
-25.2, -47.67
38.9, 45.35
21.45, 40.08
108.54, 151.56
106.59, 87.01
107.73, 214.02
-67.98, 221.86
-119.06, 136.73
-25.88, 201.08
-130.96, 8.11
152.64, 184.78
121.11, 36.11
10.12, 145.69
-73.89, 134.74
-114.34, -73.17
9.7, 41.16
101.25, -315.04
-143.93, -98.42
70.1, 125.4
-13.06, 76.37
-145.61, -3.23
218.24, 156.33
84.53, 86.8
158.46, -43.65
-49.1, 21.17
-158.15, 28.43
-207.74, -108.06
5.36, 16.95
-54.08, 130.06
-222.43, -72.75
-19.17, 20.18
40.48, -117.8
262.94, -165.36
-113.87, -102.49
102.27, 5.96
35.4, 71.67
139.39, 152.42
-177.29, 239.32
-122.94, -34.01
-167.24, 59.44
-32.2, -143.48
0.51, 37.77
39.23, 106.75
-43.69, 230.91
-101.23, 122.22
-167.13, -81.49
-114.62, 322.6
-56.44, 296.96
-71.35, -42.52
1.82, 100.38
-37.25, -165.42
4.11, -58.27
-44.96, -10.64
218.58, 100.42
-2.24, 143.48
-260.31, 48.01
-134.48, 1.78
57.1, 119.32
-94.95, 102.17
-159.13, -151.87
-251.71, 256.47
-70.93, 164.51
-133.69, 167.34
19.97, 203.11
-366.07, -191.83
360.91, -235.26
14.13, -8.68
-36.34, -73.72
-5.44, -223.99
-122.51, 47.51
149.47, 132.46
8.82, -296.58
-47.34, -56.43
38.11, -154.42
-74.43, 107.77
42.63, 41.88
-12.93, 31.09
-71.83, -61.01
95.42, -191.19
28.07, -230.25
4.21, -90.18
-347.39, 59.11
-131.45, 249.77
211.84, -18.74
170.71, 30.84
-102.84, -319.11
-207.7, 182.87
214.65, -214.2
-43.49, -106.47
-319.78, 89.55
27.35, 49.74
-18.02, -156.19
-131.73, 46.02
-160.55, -115.38
143.48, 341.21
-47.6, 42.96
-38.17, 123.52
93.52, -88.66
127.89, -97.06
-113.13, 25.28
-95.84, 18.21
-23.34, -288.28
202.16, -18.74
-10.83, -129.78
-66.05, -233.99
-1.77, -50.6
-21.08, 99.63
122.42, -136.94
-159.76, -108.33
201.49, -133.5
74.35, -84.39
50.68, 14.79
91.83, -286.01
-31.91, 98.9
-62.34, -135.13
-128.74, -81.96
-239.79, 36.62
132.36, -87.38
-132.6, -88.12
-6.22, -271.29
-210.89, 157.34
308.09, 25.98
-77.59, 17.22
-111.25, -214.79
-55.27, 253.42
-22.23, -28.82
-57.83, -129.37
119.93, 334.64
-61.7, -107.66
153.28, 139.91
-123.87, 44.76
51.41, 154.92
96.63, -114.14
271.43, -41.18
58.99, 58.17
13.1, 20.61
131.29, 157.48
26.26, -59.48
-74.79, 148.12
-100.73, -51.88
-94.55, 181.69
55.79, 47.08
-12.83, -280.83
109.98, 227.76
187.16, 45.79
96.49, 342.83
65.67, 144.85
162.57, 79.91
-38.61, 130.83
163.81, -285.97
14.73, -41.64
7.91, -120.9
11.42, -51.67
11.29, 114.9
-267.48, -212.72
111.82, -342.9
269.92, -186.72
36.37, 138.43
-214.59, 112.95
-49.79, 14.48
-190.14, 211.17
189.69, -132.09
197.5, -33.59
39.79, 272.93
-34.43, -284.2
-192.07, -191.4
41.54, -19.78
133.75, -195.48
84.0, -99.16
172.93, -76.89
-111.67, -151.11
-317.0, 131.03
371.05, -97.19
56.22, -25.46
275.67, -114.93
27.03, 84.65
-21.0, 71.13
113.79, -150.34
-59.94, 107.95
22.28, -203.05
123.33, 88.97
-39.45, 90.34
-88.81, 56.77
69.16, 145.61
-382.03, -11.45
-248.13, -167.4
-13.52, 111.7
-3.23, -259.89
-29.94, 4.74
242.1, -68.63
-83.13, 176.77
33.67, -264.72
-172.67, 116.46
-32.58, 139.86
-20.99, -243.54
105.6, -92.92
236.68, 90.04
-138.97, 22.21
56.38, 46.65
23.22, 77.61
-160.58, 81.02
-175.69, -31.25
3.02, 272.11
48.93, 59.55
-24.96, 365.88
168.4, 147.75
-64.26, 24.25
53.46, -73.16
11.82, -66.39
-170.86, 24.79
47.42, -163.38
-255.9, 188.42
102.67, 57.92
46.77, 224.66
134.21, -234.31
188.49, -91.3
42.27, -13.53
-171.28, -44.15
-105.01, 32.15
-25.56, -46.94
61.59, 31.95
57.09, 35.53
-29.4, 352.38
32.81, -208.74
20.32, 69.23
232.18, 85.0
-140.4, 226.44
236.72, -268.75
-113.65, 84.19
94.93, -46.94
213.66, -80.26
351.13, -74.0
-13.41, -7.36
15.91, -73.58
-106.36, -24.37
-41.08, -111.75
45.54, 151.87
-328.65, 43.87
35.97, -172.72
75.89, 84.3
-86.51, -114.78
-38.56, -53.78
-111.08, 17.94
271.88, -67.82
113.3, -102.36
182.52, 32.57
2.08, -193.63
170.43, -40.83
-93.98, -28.33
-281.33, -32.83
40.21, -55.77
-28.39, 162.9
-56.45, 138.77
-107.53, 4.22
50.88, -198.08
-139.79, 20.15
61.91, 202.47
13.62, -14.7
-0.1, -22.69
-110.41, -302.18
286.47, 4.48
84.17, 55.16
29.51, -153.45
254.06, 46.72
141.39, 117.5
-252.73, 257.26
98.38, 127.26
104.37, 3.58
84.85, -134.92
69.01, 87.54
188.99, 136.12
-57.17, -21.4
-18.32, -157.24
190.96, 217.74
-175.97, -100.87
-57.08, 17.88
205.61, -17.03
-193.88, -151.33
-65.07, -3.04
-79.62, 25.84
135.81, -42.25
184.25, 174.36
-9.35, -76.04
386.32, -200.85
-71.78, -6.79
22.24, 74.55
-293.93, 182.0
124.96, -132.53
-223.28, 82.81
71.69, -225.76
-6.5, -221.82
-118.15, 204.62
-141.0, -50.0
141.06, 119.06
-114.72, -95.95
-127.43, -21.98
-125.14, -5.59
71.09, -44.4
39.96, 38.76
-187.58, -162.75
176.95, -84.12
-82.98, -20.39
98.96, -41.36
48.9, 208.04
-140.71, 104.52
64.36, -114.49
10.36, -135.41
-35.53, 23.45
-30.49, -225.71
-121.95, -137.76
-109.51, -82.45
-102.09, 83.07
181.0, 87.72
17.08, -214.55
-349.27, -189.79
-218.87, 147.87
208.58, 191.3
173.98, -87.13
114.46, 64.27
59.29, 150.98
-105.27, -2.77
23.89, -111.43
-286.35, 93.82
-25.21, 262.54
274.12, 18.75
-116.4, 229.12
65.01, 217.75
10.04, -67.31
-61.52, -131.13
8.31, 110.28
-3.69, 80.07
95.21, 164.13
-131.0, 122.34
-27.0, 9.93
180.16, -272.73
-183.52, -273.43
-165.41, 39.43
161.78, -314.55
-30.07, -8.71
117.55, 21.6
188.83, 171.87
192.15, -312.67
199.14, 177.89
38.91, 175.5
336.8, 191.15
85.2, -71.52
37.81, 54.27
-111.9, -289.64
201.19, 29.82
34.42, -157.91
16.18, 19.53
-99.41, -27.97
70.72, -79.15
22.99, -109.82
-52.61, -65.21
-34.93, 118.09
-6.5, 13.6
-202.28, 90.03
73.92, 137.98
52.62, -61.65
-42.37, -318.53
-203.18, -16.11
19.02, 83.32
90.78, 268.72
-110.35, -159.12
93.74, 211.92
89.62, 145.85
-74.75, -27.74
184.24, 109.33
-203.88, 12.26
-312.38, 5.25
22.64, -182.29
-255.45, 58.14
54.33, -247.22
11.91, 43.06
16.05, -39.73
31.62, 22.62
-60.84, 127.96
-6.21, -233.52
-13.59, -186.63
43.46, 136.67
-51.61, -119.2
-72.41, -178.57
-85.51, -99.22
-187.04, 67.72
178.51, -128.44
-17.22, 322.32
-34.52, -113.98
-56.88, -219.96
-63.42, 88.98
-55.46, -15.8
-44.19, -173.11
-29.0, 38.2
-178.23, -145.89
-281.1, 193.23
80.71, 100.23
-23.76, 40.73
115.48, 157.95
176.17, 154.63
11.98, 193.23
114.12, 273.82
-125.94, -60.83
-46.34, -62.95
40.51, 45.56
11.04, -107.72
-282.06, 77.96
23.61, -52.87
397.5, 126.81
267.3, -107.36
-90.32, -117.85
86.59, -26.76
-161.17, -105.68
4.26, 302.75
4.63, 8.09
44.57, -148.94
-61.4, 26.31
-100.88, -178.14
-205.83, 6.84
-18.79, 69.41
179.09, 211.49
-20.08, 49.94
70.85, -9.8
-49.06, 212.54
-144.51, -61.17
87.94, 91.06
-102.22, 76.07
35.07, 295.37
-28.85, -244.79
-110.43, -124.87
-55.82, 180.25
121.4, -54.62
21.02, -85.0
66.68, -60.0
56.46, 208.16
2.22, 138.93
109.96, -167.74
-40.28, -261.99
114.3, -104.73
-357.37, -188.85
-100.27, -189.66
-137.81, 46.08
-59.55, 158.05
123.69, 40.19
-44.91, -248.66
104.59, -122.56
-200.12, -77.75
48.18, -63.75
-94.85, 205.54
286.17, -33.27
234.45, -31.38
3.17, -49.95
192.59, 306.93
-85.99, -188.79
-140.02, -82.13
-371.26, 234.68
5.65, -224.1
143.24, -49.18
118.36, 62.81
205.08, -148.59
39.76, -53.42
20.88, 218.0
77.66, -0.57
32.27, 247.17
-188.95, 160.8
-440.72, 147.42
-597.31, -174.29
136.11, -39.09
28.62, -75.78
-108.77, -188.75
81.8, -232.25
-176.41, -84.61
-4.08, 42.69
-97.35, -251.54
-258.44, -74.88
73.47, -183.02
120.23, 58.55
-102.47, 264.63
267.29, 83.9
-134.74, -22.97
-5.41, -354.73
-22.81, 33.89
-135.27, -157.46
-161.84, -219.01
-195.22, -68.37
351.82, 11.19
22.37, -67.37
68.98, 7.24
180.26, -121.16
-30.15, 207.73
135.73, -64.55
21.23, 48.44
-100.38, 82.45
-7.73, 80.15
-70.06, 201.14
143.5, -55.61
-131.46, -109.34
-75.53, 109.04
0.12, -165.52
-178.95, -130.32
-58.68, 59.26
-73.12, 164.06
-133.66, -179.75
42.26, 87.06
-69.3, -39.05
28.18, 205.27
4.74, 15.89
113.16, 74.01
133.76, -97.03
91.57, -123.2
-24.09, -111.31
174.92, 35.03
-183.3, 14.46
49.35, -165.73
120.26, -30.18
80.82, -69.38
56.1, 31.98
125.13, -75.38
-118.37, -23.79
-159.33, 110.33
126.36, -219.92
153.34, -197.08
-15.51, 59.94
75.76, 13.73
69.27, -164.26
-22.92, 27.96
168.18, -181.81
-214.49, -365.27
-17.56, -176.28
102.39, -329.72
148.95, -231.47
-298.13, 304.5
208.54, -185.34
-55.47, -67.37
-18.87, -34.08
124.96, -25.19
-60.0, -83.68
0.05, -268.54
238.86, 208.79
9.19, 83.41
188.13, 16.57
115.06, 137.27
-0.3, 76.3
-131.78, 65.1
-11.74, 14.07
-115.76, -28.82
9.27, 10.91
96.66, -127.57
71.29, 110.45
-139.87, -299.96
16.07, -28.8
-18.6, -253.8
-196.06, 98.89
194.91, 48.91
-137.04, 5.9
-105.58, 66.26
45.24, -144.45
16.23, 139.59
111.84, 35.1
-76.07, 18.58
243.59, 179.66
-218.64, 66.22
-79.18, -63.25
5.42, -97.56
-143.05, -38.53
-74.57, 56.72
276.32, 242.58
47.41, 84.96
138.88, -38.78
319.44, 47.54
-46.7, -79.54
31.26, 189.95
-130.3, -99.77
-58.11, 89.21
220.67, -235.06
-92.63, 181.01
-44.43, -234.37
-14.92, 83.94
14.4, -29.86
56.88, -197.4
-12.43, -336.02
-363.0, 83.14
0.23, 32.31
-355.01, -43.58
317.76, 5.62
-217.7, 41.9
-95.15, 34.35
226.67, 236.15
35.22, 125.12
244.07, -150.81
-135.59, -40.14
147.52, 150.61
76.26, -11.18
298.49, 127.57
-106.3, 149.87
-33.16, -49.79
-76.45, -191.37
36.86, 216.95
7.61, 50.76
-40.69, 17.0
-116.39, -191.17
-154.21, -77.9
193.28, 108.49
59.37, -179.21
-38.61, 315.03
-46.56, -142.2
99.12, -259.1
-229.65, 87.83
-111.73, -69.02
128.12, 94.9
47.61, 5.18
300.4, -308.72
262.21, -37.14
222.97, -44.07
-25.91, 22.17
29.72, 4.22
20.76, 196.8
121.68, -127.01
-185.9, -241.14
-1.93, -89.99
-7.98, 265.84
-300.35, 83.29
-17.53, -278.3
81.24, 51.46
-96.53, -134.48
-160.18, -32.04
-245.82, 115.97
-18.54, 190.62
118.78, -84.44
-16.85, 53.6
-253.73, -114.38
19.45, 204.75
262.69, -179.59
-47.32, 132.85
46.89, -24.37
69.77, -59.12
-190.4, -157.55
54.89, 72.68
281.37, -159.79
25.59, -1.61
-78.77, 26.07
20.47, -407.18
-162.29, -62.21
6.45, -21.55
-152.52, -52.38
11.5, -25.09
24.95, -81.16
104.45, 133.77
-168.88, -30.44
-297.76, -256.36
-33.31, 116.4
85.34, -202.3
142.33, 255.31
264.72, -1.24
136.52, 22.14
119.96, -131.99
-68.31, -80.68
-61.1, -120.76
135.4, 29.28
-108.26, 18.94
3.66, 47.88
-263.93, -190.33
-141.37, -132.39
106.31, 72.93
-115.84, -26.78
-147.76, 40.62
-195.4, -121.45
144.35, 157.56
-214.69, 109.04
258.63, -204.48
176.69, -233.94
120.77, 13.86
227.87, -48.44
43.3, -77.83
30.05, 177.46
-152.55, -3.98
-96.8, 77.38
-123.15, 24.73
27.38, -11.36
11.2, -247.03
-98.97, 2.94
-117.29, -61.96
-79.7, -31.45
-131.1, 160.23
108.02, -136.33
193.58, -106.73
104.59, 124.93
74.65, -90.7
71.12, 57.38
85.77, 149.59
51.43, 403.35
82.99, 41.42
-313.52, -86.3
101.97, -86.85
285.78, 104.36
-13.72, 203.62
78.54, -298.46
-327.07, 9.57
46.36, 40.85
72.99, 110.18
87.7, -115.86
169.95, -37.87
-155.15, -7.39
165.16, 176.61
200.77, -50.64
-27.46, 175.27
32.64, -40.99
-47.51, 120.03
-62.23, 190.8
-48.42, 10.9
311.36, -103.96
-158.1, 85.57
-101.47, 30.6
31.94, -383.24
102.31, -24.46
394.33, 259.4
-83.78, 119.34
-7.76, 23.86
62.63, 200.58
-169.5, 88.12
-5.41, -13.56
-137.37, 52.33
-2.76, 303.27
85.57, 374.83
28.31, -114.37
48.22, -22.74
0.17, 76.41
-191.44, 33.09
-7.26, 87.8
-63.76, -259.95
-198.64, -2.91
-216.4, 417.69
90.32, -56.88
96.0, -104.82
-67.2, -61.91
-143.37, 2.75
105.65, -354.56
14.96, -161.17
91.96, -101.86
-20.13, 229.8
279.95, -152.82
102.35, -190.57
207.77, -124.55
85.43, -92.4
359.46, 257.2
96.1, 34.78
-61.05, -142.62
200.28, -197.48
-54.31, 16.46
52.65, 191.68
-85.64, -156.99
-7.46, -233.92
-189.76, 108.95
-105.18, -154.02
-37.48, 99.8
171.37, -93.37
101.63, 82.05
19.09, -14.89
30.21, 59.21
218.59, -52.58
80.43, -88.33
85.76, -421.26
-12.41, 34.83
-115.67, 58.52
-237.04, -237.87
37.88, 15.95
73.14, -35.91
177.71, -41.04
275.55, -149.13
-66.45, -55.58
198.81, -208.31
293.91, -44.59
148.88, 53.75
-56.53, -49.09
3.89, 251.65
186.43, -128.48
-24.33, 19.34
-103.62, 52.55
-44.5, -28.25
-119.9, -26.3
-65.46, -241.98
68.9, 239.31
-178.44, -76.85
128.02, 324.3
-79.31, 60.96
82.55, -287.34
208.76, -70.06
18.99, -152.76
-14.39, 391.32
-236.13, -112.92
-121.07, -336.27
11.23, -85.0
-62.05, 48.92
-322.68, -0.93
-297.65, -98.1
-341.46, 57.33
-42.07, -74.82
-250.44, -92.84
-144.35, 90.86
0.04, -113.67
-161.87, -144.81
178.32, -91.19
-206.86, -57.58
63.85, 65.9
169.5, 294.95
73.88, 93.95
70.81, 109.3
-22.26, -107.94
-32.09, -127.12
308.76, 358.34
-39.85, 201.09
-141.08, 201.82
-36.13, 84.45
43.74, -154.99
-203.7, 0.51
-73.51, 94.1
6.08, 70.2
253.01, 46.65
7.53, -286.18
239.49, 113.73
18.78, -139.04
-16.01, -223.9
232.73, 146.75
10.21, -143.44
-134.3, 114.77
-284.05, 191.68
-123.29, -3.41
283.61, -98.53
-291.72, -208.12
-346.33, 114.33
21.16, 216.69
-239.5, -195.71
95.12, 311.17
76.36, -197.08
15.58, 32.19
-143.43, -283.37
-199.75, -215.63
172.1, 8.64
120.47, 60.26
24.58, -2.74
32.25, 34.06
24.69, 149.72
-81.22, -0.1
-169.69, -237.11
-83.07, -36.61
-29.09, 217.03
136.48, 183.49
31.59, 160.73
-148.29, -54.07
-258.81, -150.41
-325.8, 38.25
91.53, 39.48
-72.32, 149.56
-25.85, -86.55
72.22, 158.18
301.39, 148.58
-62.62, 131.05
-104.0, -52.97
278.52, 151.66
126.74, 61.55
64.74, -175.21
203.07, -40.03
68.44, -9.66
65.59, 30.82
-99.44, 209.24
-148.59, 53.81
6.7, -128.23
25.04, -65.86
-183.52, -107.25
104.12, -320.67
-271.07, -68.25
-34.44, -27.26
-120.72, 13.17
34.86, 137.36
17.67, 67.44
29.29, -124.99
40.0, 90.85
35.51, 26.63
-88.85, -180.63
-88.65, 42.67
223.37, 136.8
-164.18, 66.85
62.9, -93.0
207.0, -130.69
48.07, -80.09
1.65, 36.13
100.54, 20.48
-118.6, 113.55
173.62, 92.41
-75.74, 145.43
38.19, 29.86
189.41, 42.67
156.63, 140.35
-229.85, -40.9
-62.79, -106.07
-92.15, -6.56
-120.99, 286.06
-80.45, 76.38
202.71, -31.48
-101.41, 13.59
-106.16, 180.32
43.37, -116.59
-21.1, -69.26
-26.61, 67.44
125.55, 24.1
-38.58, 171.81
-123.5, 232.38
145.32, -140.0
213.81, -128.52
-244.46, 166.42
-20.92, 0.84
4.47, -116.31
83.47, 74.95
63.92, -85.23
55.07, 95.49
71.73, 81.08
49.67, 0.74
202.88, -246.6
119.73, -84.84
18.04, -142.44
51.74, -51.45
-36.03, -84.86
-221.81, -96.43
-177.53, 70.78
44.98, 89.71
33.06, 19.6
43.65, 81.49
-86.47, 84.86
277.54, 114.65
-93.61, -84.54
114.95, -44.78
-151.84, -163.49
-242.84, -104.57
279.97, 81.67
-45.65, 210.01
-52.3, -55.02
156.05, 143.21
332.34, 71.23
-71.45, -24.82
152.58, -90.99
167.68, 14.22
162.14, -105.02
208.52, -160.76
81.52, -64.83
-0.7, 7.69
163.2, -105.0
121.58, 266.93
225.17, -43.88
-99.73, -157.13
28.55, 65.82
-144.69, 191.54
23.74, 82.53
-299.33, -197.38
-15.99, 43.96
-0.77, -127.94
116.65, -16.66
211.97, 238.87
-11.96, 336.07
-76.6, 28.69
-84.12, 207.39
-49.17, -148.49
-82.61, -98.82
215.06, -1.26
-37.17, 46.69
17.32, -202.55
12.92, 125.53
38.96, -369.75
147.51, 135.31
328.63, -198.12
-212.92, -70.63
302.12, 103.99
-132.75, -6.12
-117.03, 54.56
-129.7, -65.18
205.66, 61.58
-119.97, -117.51
82.1, 14.29
-355.34, -76.04
-129.34, -15.63
49.81, -76.76
-218.85, 30.05
89.83, 211.88
-151.58, 108.84
-93.86, -27.41
51.58, 253.99
81.79, -99.7
7.27, -74.73
268.28, 84.52
-142.07, -315.17
-73.12, 194.29
164.18, -134.55
-433.14, -187.01
-85.57, -291.36
-8.03, 203.61
-81.39, -3.59
-220.38, 265.52
-138.78, -19.23
-30.82, 87.62
148.97, -38.97
-6.76, 14.99
-3.25, 213.72
-6.28, 92.8
229.72, 223.86
225.55, -343.19
-179.46, -122.56
-201.3, -152.0
206.13, -289.5
-10.41, 26.56
18.08, 374.34
-80.18, -246.9
-69.79, -11.34
-62.95, 32.27
-22.07, -127.68
23.17, 14.0
27.23, 161.76
52.86, -6.23
134.74, -43.11
-92.92, -157.44
63.08, 110.45
-111.19, -54.96
286.73, 200.49
-53.6, 33.19
-152.77, -101.25
234.77, 64.0
-4.73, 159.8
-155.39, 117.5
92.03, -74.1
112.22, 6.46
-384.07, -148.72
-92.55, -144.74
171.11, 176.25
-66.89, 67.79
-104.26, -13.89
14.75, 88.57
-183.24, 52.84
109.01, -182.19
-145.37, -123.23
-78.99, -219.47
80.96, 243.83
62.02, -53.3
83.12, 73.11
3.33, -154.39
57.69, -105.4
36.43, 31.81
-56.44, 228.88
-132.11, -38.38
75.83, -94.94
-163.23, -16.27
170.99, -231.9
69.1, -143.19
-69.76, 49.3
-106.93, 3.81
-93.2, -81.16
-12.06, -29.03
-100.15, 165.11
-133.4, -84.71
77.27, -122.17
-113.33, -33.3
-179.97, -153.73
-11.16, -28.82
-106.65, 267.75
-160.51, 119.97
-157.28, 61.35
19.3, -140.06
40.95, -198.58
-18.1, 155.88
-199.52, -159.56
142.03, -139.2
21.23, 6.31
-233.79, 5.11
63.64, 163.18
266.93, -190.91
-141.95, -316.62
-73.64, -129.7
-223.23, -35.24
109.74, 44.42
-107.42, -312.8
-208.03, 34.54
-10.55, 92.05
-22.92, 67.32
50.05, 39.91
33.69, -38.81
-218.95, -137.39
68.14, -145.53
197.21, 25.55
-146.55, 113.99
-53.19, 4.66
22.06, -9.04
145.39, 186.57
-129.83, -53.71
35.69, -42.34
-147.0, 113.96
25.01, -125.87
236.86, -123.19
55.66, -128.64
53.88, 265.67
61.08, 9.45
-183.11, 336.77
237.05, 151.85
70.41, -31.64
130.16, 77.52
-59.13, 66.0
-244.52, -15.33
216.67, 33.87
-57.9, 141.43
-295.64, -169.58
-67.04, 85.79
2.06, 195.28
187.97, -194.94
-38.4, -117.67
-93.34, 58.62
-76.26, 92.87
44.32, -388.94
69.42, -171.88
-121.97, -50.43
-152.51, -266.69
-200.29, -45.11
48.34, -150.18
327.21, -0.13
157.57, 25.4
-92.72, -71.28
123.84, -5.67
-180.47, -168.26
135.39, 382.12
-167.57, 9.82
93.18, -93.16
-254.95, -218.85
245.84, -16.33
3.2, -71.73
-165.48, 57.04
203.44, -174.06
-188.84, 246.82
147.12, 72.79
-66.98, -56.9
162.57, -114.07
3.24, -6.0
-320.63, 30.89
-96.45, -3.46
-309.74, -10.91
182.44, -151.95
-173.37, -74.86
32.47, -1.14
-2.38, -8.95
205.35, 231.95
-280.31, -180.79
-3.31, 39.61
98.76, 134.48
84.27, 42.59
-90.02, 107.84
38.15, 146.79
-164.23, -34.12
60.83, 148.72
115.26, 146.48
-73.84, -46.24
-190.61, -236.7
-2.92, -62.7
55.03, 95.99
70.1, -202.59
-143.62, 180.48
-210.12, 146.58
-27.14, 7.16
-218.34, -140.7
52.99, -18.09
5.05, -88.1
148.93, -86.09
-11.88, -80.11
19.25, -90.69
6.82, -59.76
-14.22, -42.53
21.51, -13.55
-64.73, 115.23
-185.34, 13.82
449.62, -70.89
-50.47, 159.11
175.29, -13.88
210.12, 97.74
188.4, 11.67
-66.62, 6.53
-33.27, 56.29
-54.86, 51.35
-51.92, 149.16
-29.85, 146.57
86.95, -12.75
-247.51, 85.25
-65.97, 83.55
-185.65, -224.84
76.22, -134.09
133.97, -98.96
-316.34, 71.52
-65.94, -67.14
75.66, 178.75
-245.13, -10.07
225.69, 123.03
16.78, -143.32
91.77, 140.77
97.98, 12.61
-140.61, 75.54
318.89, 142.51
221.33, 368.97
-48.61, 89.75
18.61, 139.09
276.92, -51.56
64.81, -97.04
-124.25, 50.69
237.33, -221.79
143.91, -69.79
-32.81, -24.15
219.78, -156.0
-22.61, -99.09
23.32, 228.5
-168.79, 84.44
-29.61, -40.92
7.84, 169.35
14.67, -153.72
-51.06, -47.65
156.41, 297.15
220.12, -86.85
-121.27, 188.01
-137.72, 143.43
89.15, 115.59
-19.71, -58.72
-29.73, -109.12
-27.86, 70.56
-153.38, -192.58
-222.17, 92.82
89.5, 214.71
-47.82, -116.95
26.02, 101.81
-206.18, -79.6
128.79, -292.29
-247.54, 117.49
-69.68, -20.92
-122.18, 3.94
-213.54, -189.39
37.86, -54.51
144.64, -134.11
-183.73, 204.05
-77.91, 25.25
2.92, 36.4
16.12, 7.07
-81.84, -116.31
75.0, -231.26
371.43, 30.96
96.96, -74.02
-35.72, -80.64
-82.92, -238.95
274.83, 168.17
200.35, 137.21
-184.61, -16.08
-235.61, 64.52
-76.83, 59.13
112.92, -23.12
271.94, 244.25
-86.44, -31.82
-363.63, -117.19
-103.87, -247.61
327.01, -23.01
232.37, 138.8
277.63, -47.34
-72.46, 127.02
149.99, -49.9
36.21, -17.08
-14.98, 89.98
-130.22, 419.45
168.19, -20.7
-383.31, 192.22
141.34, -105.75
193.12, -129.24
-195.8, 1.06
223.91, 76.7
58.77, -49.39
-105.61, -18.14
107.08, 146.28
246.14, 44.18
103.8, -94.91
236.18, 55.2
-109.66, 130.11
-141.95, -37.87
-204.2, -237.63
-225.95, 92.46
-26.69, -141.56
132.67, -243.04
223.87, 128.74
1.0, 35.88
-228.77, 228.43
-20.42, 208.13
-164.38, 170.6
-142.59, -251.79
219.31, 150.97
-93.41, 241.36
122.08, -50.92
6.67, 56.54
104.26, 71.52
-19.59, 65.16
-189.54, -161.35
-177.07, -127.23
-58.82, -176.28
-44.37, -46.69
50.34, -237.7
-14.41, -146.53
26.06, 141.19
-146.67, -9.97
-187.23, -80.81
147.25, 72.29
60.84, 144.5
55.75, 206.57
118.98, 210.02
-8.29, -146.94
-92.36, -59.79
4.23, 45.31
-34.59, 293.04
154.57, -152.23
65.89, 45.46
0.58, -119.73
220.73, 279.94
-40.82, -182.66
162.66, -41.16
37.0, 0.0
162.66, 41.16
-40.82, 182.66
220.73, -279.94
0.58, 119.73
65.89, -45.46
154.57, 152.23
-34.59, -293.04
4.23, -45.31
-92.36, 59.79
-8.29, 146.94
118.98, -210.02
55.75, -206.57
60.84, -144.5
147.25, -72.29
-187.23, 80.81
-146.67, 9.97
26.06, -141.19
-14.41, 146.53
50.34, 237.7
-44.37, 46.69
-58.82, 176.28
-177.07, 127.23
-189.54, 161.35
-19.59, -65.16
104.26, -71.52
6.67, -56.54
122.08, 50.92
-93.41, -241.36
219.31, -150.97
-142.59, 251.79
-164.38, -170.6
-20.42, -208.13
-228.77, -228.43
1.0, -35.88
223.87, -128.74
132.67, 243.04
-26.69, 141.56
-225.95, -92.46
-204.2, 237.63
-141.95, 37.87
-109.66, -130.11
236.18, -55.2
103.8, 94.91
246.14, -44.18
107.08, -146.28
-105.61, 18.14
58.77, 49.39
223.91, -76.7
-195.8, -1.06
193.12, 129.24
141.34, 105.75
-383.31, -192.22
168.19, 20.7
-130.22, -419.45
-14.98, -89.98
36.21, 17.08
149.99, 49.9
-72.46, -127.02
277.63, 47.34
232.37, -138.8
327.01, 23.01
-103.87, 247.61
-363.63, 117.19
-86.44, 31.82
271.94, -244.25
112.92, 23.12
-76.83, -59.13
-235.61, -64.52
-184.61, 16.08
200.35, -137.21
274.83, -168.17
-82.92, 238.95
-35.72, 80.64
96.96, 74.02
371.43, -30.96
75.0, 231.26
-81.84, 116.31
16.12, -7.07
2.92, -36.4
-77.91, -25.25
-183.73, -204.05
144.64, 134.11
37.86, 54.51
-213.54, 189.39
-122.18, -3.94
-69.68, 20.92
-247.54, -117.49
128.79, 292.29
-206.18, 79.6
26.02, -101.81
-47.82, 116.95
89.5, -214.71
-222.17, -92.82
-153.38, 192.58
-27.86, -70.56
-29.73, 109.12
-19.71, 58.72
89.15, -115.59
-137.72, -143.43
-121.27, -188.01
220.12, 86.85
156.41, -297.15
-51.06, 47.65
14.67, 153.72
7.84, -169.35
-29.61, 40.92
-168.79, -84.44
23.32, -228.5
-22.61, 99.09
219.78, 156.0
-32.81, 24.15
143.91, 69.79
237.33, 221.79
-124.25, -50.69
64.81, 97.04
276.92, 51.56
18.61, -139.09
-48.61, -89.75
221.33, -368.97
318.89, -142.51
-140.61, -75.54
97.98, -12.61
91.77, -140.77
16.78, 143.32
225.69, -123.03
-245.13, 10.07
75.66, -178.75
-65.94, 67.14
-316.34, -71.52
133.97, 98.96
76.22, 134.09
-185.65, 224.84
-65.97, -83.55
-247.51, -85.25
86.95, 12.75
-29.85, -146.57
-51.92, -149.16
-54.86, -51.35
-33.27, -56.29
-66.62, -6.53
188.4, -11.67
210.12, -97.74
175.29, 13.88
-50.47, -159.11
449.62, 70.89
-185.34, -13.82
-64.73, -115.23
21.51, 13.55
-14.22, 42.53
6.82, 59.76
19.25, 90.69
-11.88, 80.11
148.93, 86.09
5.05, 88.1
52.99, 18.09
-218.34, 140.7
-27.14, -7.16
-210.12, -146.58
-143.62, -180.48
70.1, 202.59
55.03, -95.99
-2.92, 62.7
-190.61, 236.7
-73.84, 46.24
115.26, -146.48
60.83, -148.72
-164.23, 34.12
38.15, -146.79
-90.02, -107.84
84.27, -42.59
98.76, -134.48
-3.31, -39.61
-280.31, 180.79
205.35, -231.95
-2.38, 8.95
32.47, 1.14
-173.37, 74.86
182.44, 151.95
-309.74, 10.91
-96.45, 3.46
-320.63, -30.89
3.24, 6.0
162.57, 114.07
-66.98, 56.9
147.12, -72.79
-188.84, -246.82
203.44, 174.06
-165.48, -57.04
3.2, 71.73
245.84, 16.33
-254.95, 218.85
93.18, 93.16
-167.57, -9.82
135.39, -382.12
-180.47, 168.26
123.84, 5.67
-92.72, 71.28
157.57, -25.4
327.21, 0.13
48.34, 150.18
-200.29, 45.11
-152.51, 266.69
-121.97, 50.43
69.42, 171.88
44.32, 388.94
-76.26, -92.87
-93.34, -58.62
-38.4, 117.67
187.97, 194.94
2.06, -195.28
-67.04, -85.79
-295.64, 169.58
-57.9, -141.43
216.67, -33.87
-244.52, 15.33
-59.13, -66.0
130.16, -77.52
70.41, 31.64
237.05, -151.85
-183.11, -336.77
61.08, -9.45
53.88, -265.67
55.66, 128.64
236.86, 123.19
25.01, 125.87
-147.0, -113.96
35.69, 42.34
-129.83, 53.71
145.39, -186.57
22.06, 9.04
-53.19, -4.66
-146.55, -113.99
197.21, -25.55
68.14, 145.53
-218.95, 137.39
33.69, 38.81
50.05, -39.91
-22.92, -67.32
-10.55, -92.05
-208.03, -34.54
-107.42, 312.8
109.74, -44.42
-223.23, 35.24
-73.64, 129.7
-141.95, 316.62
266.93, 190.91
63.64, -163.18
-233.79, -5.11
21.23, -6.31
142.03, 139.2
-199.52, 159.56
-18.1, -155.88
40.95, 198.58
19.3, 140.06
-157.28, -61.35
-160.51, -119.97
-106.65, -267.75
-11.16, 28.82
-179.97, 153.73
-113.33, 33.3
77.27, 122.17
-133.4, 84.71
-100.15, -165.11
-12.06, 29.03
-93.2, 81.16
-106.93, -3.81
-69.76, -49.3
69.1, 143.19
170.99, 231.9
-163.23, 16.27
75.83, 94.94
-132.11, 38.38
-56.44, -228.88
36.43, -31.81
57.69, 105.4
3.33, 154.39
83.12, -73.11
62.02, 53.3
80.96, -243.83
-78.99, 219.47
-145.37, 123.23
109.01, 182.19
-183.24, -52.84
14.75, -88.57
-104.26, 13.89
-66.89, -67.79
171.11, -176.25
-92.55, 144.74
-384.07, 148.72
112.22, -6.46
92.03, 74.1
-155.39, -117.5
-4.73, -159.8
234.77, -64.0
-152.77, 101.25
-53.6, -33.19
286.73, -200.49
-111.19, 54.96
63.08, -110.45
-92.92, 157.44
134.74, 43.11
52.86, 6.23
27.23, -161.76
23.17, -14.0
-22.07, 127.68
-62.95, -32.27
-69.79, 11.34
-80.18, 246.9
18.08, -374.34
-10.41, -26.56
206.13, 289.5
-201.3, 152.0
-179.46, 122.56
225.55, 343.19
229.72, -223.86
-6.28, -92.8
-3.25, -213.72
-6.76, -14.99
148.97, 38.97
-30.82, -87.62
-138.78, 19.23
-220.38, -265.52
-81.39, 3.59
-8.03, -203.61
-85.57, 291.36
-433.14, 187.01
164.18, 134.55
-73.12, -194.29
-142.07, 315.17
268.28, -84.52
7.27, 74.73
81.79, 99.7
51.58, -253.99
-93.86, 27.41
-151.58, -108.84
89.83, -211.88
-218.85, -30.05
49.81, 76.76
-129.34, 15.63
-355.34, 76.04
82.1, -14.29
-119.97, 117.51
205.66, -61.58
-129.7, 65.18
-117.03, -54.56
-132.75, 6.12
302.12, -103.99
-212.92, 70.63
328.63, 198.12
147.51, -135.31
38.96, 369.75
12.92, -125.53
17.32, 202.55
-37.17, -46.69
215.06, 1.26
-82.61, 98.82
-49.17, 148.49
-84.12, -207.39
-76.6, -28.69
-11.96, -336.07
211.97, -238.87
116.65, 16.66
-0.77, 127.94
-15.99, -43.96
-299.33, 197.38
23.74, -82.53
-144.69, -191.54
28.55, -65.82
-99.73, 157.13
225.17, 43.88
121.58, -266.93
163.2, 105.0
-0.7, -7.69
81.52, 64.83
208.52, 160.76
162.14, 105.02
167.68, -14.22
152.58, 90.99
-71.45, 24.82
332.34, -71.23
156.05, -143.21
-52.3, 55.02
-45.65, -210.01
279.97, -81.67
-242.84, 104.57
-151.84, 163.49
114.95, 44.78
-93.61, 84.54
277.54, -114.65
-86.47, -84.86
43.65, -81.49
33.06, -19.6
44.98, -89.71
-177.53, -70.78
-221.81, 96.43
-36.03, 84.86
51.74, 51.45
18.04, 142.44
119.73, 84.84
202.88, 246.6
49.67, -0.74
71.73, -81.08
55.07, -95.49
63.92, 85.23
83.47, -74.95
4.47, 116.31
-20.92, -0.84
-244.46, -166.42
213.81, 128.52
145.32, 140.0
-123.5, -232.38
-38.58, -171.81
125.55, -24.1
-26.61, -67.44
-21.1, 69.26
43.37, 116.59
-106.16, -180.32
-101.41, -13.59
202.71, 31.48
-80.45, -76.38
-120.99, -286.06
-92.15, 6.56
-62.79, 106.07
-229.85, 40.9
156.63, -140.35
189.41, -42.67
38.19, -29.86
-75.74, -145.43
173.62, -92.41
-118.6, -113.55
100.54, -20.48
1.65, -36.13
48.07, 80.09
207.0, 130.69
62.9, 93.0
-164.18, -66.85
223.37, -136.8
-88.65, -42.67
-88.85, 180.63
35.51, -26.63
40.0, -90.85
29.29, 124.99
17.67, -67.44
34.86, -137.36
-120.72, -13.17
-34.44, 27.26
-271.07, 68.25
104.12, 320.67
-183.52, 107.25
25.04, 65.86
6.7, 128.23
-148.59, -53.81
-99.44, -209.24
65.59, -30.82
68.44, 9.66
203.07, 40.03
64.74, 175.21
126.74, -61.55
278.52, -151.66
-104.0, 52.97
-62.62, -131.05
301.39, -148.58
72.22, -158.18
-25.85, 86.55
-72.32, -149.56
91.53, -39.48
-325.8, -38.25
-258.81, 150.41
-148.29, 54.07
31.59, -160.73
136.48, -183.49
-29.09, -217.03
-83.07, 36.61
-169.69, 237.11
-81.22, 0.1
24.69, -149.72
32.25, -34.06
24.58, 2.74
120.47, -60.26
172.1, -8.64
-199.75, 215.63
-143.43, 283.37
15.58, -32.19
76.36, 197.08
95.12, -311.17
-239.5, 195.71
21.16, -216.69
-346.33, -114.33
-291.72, 208.12
283.61, 98.53
-123.29, 3.41
-284.05, -191.68
-134.3, -114.77
10.21, 143.44
232.73, -146.75
-16.01, 223.9
18.78, 139.04
239.49, -113.73
7.53, 286.18
253.01, -46.65
6.08, -70.2
-73.51, -94.1
-203.7, -0.51
43.74, 154.99
-36.13, -84.45
-141.08, -201.82
-39.85, -201.09
308.76, -358.34
-32.09, 127.12
-22.26, 107.94
70.81, -109.3
73.88, -93.95
169.5, -294.95
63.85, -65.9
-206.86, 57.58
178.32, 91.19
-161.87, 144.81
0.04, 113.67
-144.35, -90.86
-250.44, 92.84
-42.07, 74.82
-341.46, -57.33
-297.65, 98.1
-322.68, 0.93
-62.05, -48.92
11.23, 85.0
-121.07, 336.27
-236.13, 112.92
-14.39, -391.32
18.99, 152.76
208.76, 70.06
82.55, 287.34
-79.31, -60.96
128.02, -324.3
-178.44, 76.85
68.9, -239.31
-65.46, 241.98
-119.9, 26.3
-44.5, 28.25
-103.62, -52.55
-24.33, -19.34
186.43, 128.48
3.89, -251.65
-56.53, 49.09
148.88, -53.75
293.91, 44.59
198.81, 208.31
-66.45, 55.58
275.55, 149.13
177.71, 41.04
73.14, 35.91
37.88, -15.95
-237.04, 237.87
-115.67, -58.52
-12.41, -34.83
85.76, 421.26
80.43, 88.33
218.59, 52.58
30.21, -59.21
19.09, 14.89
101.63, -82.05
171.37, 93.37
-37.48, -99.8
-105.18, 154.02
-189.76, -108.95
-7.46, 233.92
-85.64, 156.99
52.65, -191.68
-54.31, -16.46
200.28, 197.48
-61.05, 142.62
96.1, -34.78
359.46, -257.2
85.43, 92.4
207.77, 124.55
102.35, 190.57
279.95, 152.82
-20.13, -229.8
91.96, 101.86
14.96, 161.17
105.65, 354.56
-143.37, -2.75
-67.2, 61.91
96.0, 104.82
90.32, 56.88
-216.4, -417.69
-198.64, 2.91
-63.76, 259.95
-7.26, -87.8
-191.44, -33.09
0.17, -76.41
48.22, 22.74
28.31, 114.37
85.57, -374.83
-2.76, -303.27
-137.37, -52.33
-5.41, 13.56
-169.5, -88.12
62.63, -200.58
-7.76, -23.86
-83.78, -119.34
394.33, -259.4
102.31, 24.46
31.94, 383.24
-101.47, -30.6
-158.1, -85.57
311.36, 103.96
-48.42, -10.9
-62.23, -190.8
-47.51, -120.03
32.64, 40.99
-27.46, -175.27
200.77, 50.64
165.16, -176.61
-155.15, 7.39
169.95, 37.87
87.7, 115.86
72.99, -110.18
46.36, -40.85
-327.07, -9.57
78.54, 298.46
-13.72, -203.62
285.78, -104.36
101.97, 86.85
-313.52, 86.3
82.99, -41.42
51.43, -403.35
85.77, -149.59
71.12, -57.38
74.65, 90.7
104.59, -124.93
193.58, 106.73
108.02, 136.33
-131.1, -160.23
-79.7, 31.45
-117.29, 61.96
-98.97, -2.94
11.2, 247.03
27.38, 11.36
-123.15, -24.73
-96.8, -77.38
-152.55, 3.98
30.05, -177.46
43.3, 77.83
227.87, 48.44
120.77, -13.86
176.69, 233.94
258.63, 204.48
-214.69, -109.04
144.35, -157.56
-195.4, 121.45
-147.76, -40.62
-115.84, 26.78
106.31, -72.93
-141.37, 132.39
-263.93, 190.33
3.66, -47.88
-108.26, -18.94
135.4, -29.28
-61.1, 120.76
-68.31, 80.68
119.96, 131.99
136.52, -22.14
264.72, 1.24
142.33, -255.31
85.34, 202.3
-33.31, -116.4
-297.76, 256.36
-168.88, 30.44
104.45, -133.77
24.95, 81.16
11.5, 25.09
-152.52, 52.38
6.45, 21.55
-162.29, 62.21
20.47, 407.18
-78.77, -26.07
25.59, 1.61
281.37, 159.79
54.89, -72.68
-190.4, 157.55
69.77, 59.12
46.89, 24.37
-47.32, -132.85
262.69, 179.59
19.45, -204.75
-253.73, 114.38
-16.85, -53.6
118.78, 84.44
-18.54, -190.62
-245.82, -115.97
-160.18, 32.04
-96.53, 134.48
81.24, -51.46
-17.53, 278.3
-300.35, -83.29
-7.98, -265.84
-1.93, 89.99
-185.9, 241.14
121.68, 127.01
20.76, -196.8
29.72, -4.22
-25.91, -22.17
222.97, 44.07
262.21, 37.14
300.4, 308.72
47.61, -5.18
128.12, -94.9
-111.73, 69.02
-229.65, -87.83
99.12, 259.1
-46.56, 142.2
-38.61, -315.03
59.37, 179.21
193.28, -108.49
-154.21, 77.9
-116.39, 191.17
-40.69, -17.0
7.61, -50.76
36.86, -216.95
-76.45, 191.37
-33.16, 49.79
-106.3, -149.87
298.49, -127.57
76.26, 11.18
147.52, -150.61
-135.59, 40.14
244.07, 150.81
35.22, -125.12
226.67, -236.15
-95.15, -34.35
-217.7, -41.9
317.76, -5.62
-355.01, 43.58
0.23, -32.31
-363.0, -83.14
-12.43, 336.02
56.88, 197.4
14.4, 29.86
-14.92, -83.94
-44.43, 234.37
-92.63, -181.01
220.67, 235.06
-58.11, -89.21
-130.3, 99.77
31.26, -189.95
-46.7, 79.54
319.44, -47.54
138.88, 38.78
47.41, -84.96
276.32, -242.58
-74.57, -56.72
-143.05, 38.53
5.42, 97.56
-79.18, 63.25
-218.64, -66.22
243.59, -179.66
-76.07, -18.58
111.84, -35.1
16.23, -139.59
45.24, 144.45
-105.58, -66.26
-137.04, -5.9
194.91, -48.91
-196.06, -98.89
-18.6, 253.8
16.07, 28.8
-139.87, 299.96
71.29, -110.45
96.66, 127.57
9.27, -10.91
-115.76, 28.82
-11.74, -14.07
-131.78, -65.1
-0.3, -76.3
115.06, -137.27
188.13, -16.57
9.19, -83.41
238.86, -208.79
0.05, 268.54
-60.0, 83.68
124.96, 25.19
-18.87, 34.08
-55.47, 67.37
208.54, 185.34
-298.13, -304.5
148.95, 231.47
102.39, 329.72
-17.56, 176.28
-214.49, 365.27
168.18, 181.81
-22.92, -27.96
69.27, 164.26
75.76, -13.73
-15.51, -59.94
153.34, 197.08
126.36, 219.92
-159.33, -110.33
-118.37, 23.79
125.13, 75.38
56.1, -31.98
80.82, 69.38
120.26, 30.18
49.35, 165.73
-183.3, -14.46
174.92, -35.03
-24.09, 111.31
91.57, 123.2
133.76, 97.03
113.16, -74.01
4.74, -15.89
28.18, -205.27
-69.3, 39.05
42.26, -87.06
-133.66, 179.75
-73.12, -164.06
-58.68, -59.26
-178.95, 130.32
0.12, 165.52
-75.53, -109.04
-131.46, 109.34
143.5, 55.61
-70.06, -201.14
-7.73, -80.15
-100.38, -82.45
21.23, -48.44
135.73, 64.55
-30.15, -207.73
180.26, 121.16
68.98, -7.24
22.37, 67.37
351.82, -11.19
-195.22, 68.37
-161.84, 219.01
-135.27, 157.46
-22.81, -33.89
-5.41, 354.73
-134.74, 22.97
267.29, -83.9
-102.47, -264.63
120.23, -58.55
73.47, 183.02
-258.44, 74.88
-97.35, 251.54
-4.08, -42.69
-176.41, 84.61
81.8, 232.25
-108.77, 188.75
28.62, 75.78
136.11, 39.09
-597.31, 174.29
-440.72, -147.42
-188.95, -160.8
32.27, -247.17
77.66, 0.57
20.88, -218.0
39.76, 53.42
205.08, 148.59
118.36, -62.81
143.24, 49.18
5.65, 224.1
-371.26, -234.68
-140.02, 82.13
-85.99, 188.79
192.59, -306.93
3.17, 49.95
234.45, 31.38
286.17, 33.27
-94.85, -205.54
48.18, 63.75
-200.12, 77.75
104.59, 122.56
-44.91, 248.66
123.69, -40.19
-59.55, -158.05
-137.81, -46.08
-100.27, 189.66
-357.37, 188.85
114.3, 104.73
-40.28, 261.99
109.96, 167.74
2.22, -138.93
56.46, -208.16
66.68, 60.0
21.02, 85.0
121.4, 54.62
-55.82, -180.25
-110.43, 124.87
-28.85, 244.79
35.07, -295.37
-102.22, -76.07
87.94, -91.06
-144.51, 61.17
-49.06, -212.54
70.85, 9.8
-20.08, -49.94
179.09, -211.49
-18.79, -69.41
-205.83, -6.84
-100.88, 178.14
-61.4, -26.31
44.57, 148.94
4.63, -8.09
4.26, -302.75
-161.17, 105.68
86.59, 26.76
-90.32, 117.85
267.3, 107.36
397.5, -126.81
23.61, 52.87
-282.06, -77.96
11.04, 107.72
40.51, -45.56
-46.34, 62.95
-125.94, 60.83
114.12, -273.82
11.98, -193.23
176.17, -154.63
115.48, -157.95
-23.76, -40.73
80.71, -100.23
-281.1, -193.23
-178.23, 145.89
-29.0, -38.2
-44.19, 173.11
-55.46, 15.8
-63.42, -88.98
-56.88, 219.96
-34.52, 113.98
-17.22, -322.32
178.51, 128.44
-187.04, -67.72
-85.51, 99.22
-72.41, 178.57
-51.61, 119.2
43.46, -136.67
-13.59, 186.63
-6.21, 233.52
-60.84, -127.96
31.62, -22.62
16.05, 39.73
11.91, -43.06
54.33, 247.22
-255.45, -58.14
22.64, 182.29
-312.38, -5.25
-203.88, -12.26
184.24, -109.33
-74.75, 27.74
89.62, -145.85
93.74, -211.92
-110.35, 159.12
90.78, -268.72
19.02, -83.32
-203.18, 16.11
-42.37, 318.53
52.62, 61.65
73.92, -137.98
-202.28, -90.03
-6.5, -13.6
-34.93, -118.09
-52.61, 65.21
22.99, 109.82
70.72, 79.15
-99.41, 27.97
16.18, -19.53
34.42, 157.91
201.19, -29.82
-111.9, 289.64
37.81, -54.27
85.2, 71.52
336.8, -191.15
38.91, -175.5
199.14, -177.89
192.15, 312.67
188.83, -171.87
117.55, -21.6
-30.07, 8.71
161.78, 314.55
-165.41, -39.43
-183.52, 273.43
180.16, 272.73
-27.0, -9.93
-131.0, -122.34
95.21, -164.13
-3.69, -80.07
8.31, -110.28
-61.52, 131.13
10.04, 67.31
65.01, -217.75
-116.4, -229.12
274.12, -18.75
-25.21, -262.54
-286.35, -93.82
23.89, 111.43
-105.27, 2.77
59.29, -150.98
114.46, -64.27
173.98, 87.13
208.58, -191.3
-218.87, -147.87
-349.27, 189.79
17.08, 214.55
181.0, -87.72
-102.09, -83.07
-109.51, 82.45
-121.95, 137.76
-30.49, 225.71
-35.53, -23.45
10.36, 135.41
64.36, 114.49
-140.71, -104.52
48.9, -208.04
98.96, 41.36
-82.98, 20.39
176.95, 84.12
-187.58, 162.75
39.96, -38.76
71.09, 44.4
-125.14, 5.59
-127.43, 21.98
-114.72, 95.95
141.06, -119.06
-141.0, 50.0
-118.15, -204.62
-6.5, 221.82
71.69, 225.76
-223.28, -82.81
124.96, 132.53
-293.93, -182.0
22.24, -74.55
-71.78, 6.79
386.32, 200.85
-9.35, 76.04
184.25, -174.36
135.81, 42.25
-79.62, -25.84
-65.07, 3.04
-193.88, 151.33
205.61, 17.03
-57.08, -17.88
-175.97, 100.87
190.96, -217.74
-18.32, 157.24
-57.17, 21.4
188.99, -136.12
69.01, -87.54
84.85, 134.92
104.37, -3.58
98.38, -127.26
-252.73, -257.26
141.39, -117.5
254.06, -46.72
29.51, 153.45
84.17, -55.16
286.47, -4.48
-110.41, 302.18
-0.1, 22.69
13.62, 14.7
61.91, -202.47
-139.79, -20.15
50.88, 198.08
-107.53, -4.22
-56.45, -138.77
-28.39, -162.9
40.21, 55.77
-281.33, 32.83
-93.98, 28.33
170.43, 40.83
2.08, 193.63
182.52, -32.57
113.3, 102.36
271.88, 67.82
-111.08, -17.94
-38.56, 53.78
-86.51, 114.78
75.89, -84.3
35.97, 172.72
-328.65, -43.87
45.54, -151.87
-41.08, 111.75
-106.36, 24.37
15.91, 73.58
-13.41, 7.36
351.13, 74.0
213.66, 80.26
94.93, 46.94
-113.65, -84.19
236.72, 268.75
-140.4, -226.44
232.18, -85.0
20.32, -69.23
32.81, 208.74
-29.4, -352.38
57.09, -35.53
61.59, -31.95
-25.56, 46.94
-105.01, -32.15
-171.28, 44.15
42.27, 13.53
188.49, 91.3
134.21, 234.31
46.77, -224.66
102.67, -57.92
-255.9, -188.42
47.42, 163.38
-170.86, -24.79
11.82, 66.39
53.46, 73.16
-64.26, -24.25
168.4, -147.75
-24.96, -365.88
48.93, -59.55
3.02, -272.11
-175.69, 31.25
-160.58, -81.02
23.22, -77.61
56.38, -46.65
-138.97, -22.21
236.68, -90.04
105.6, 92.92
-20.99, 243.54
-32.58, -139.86
-172.67, -116.46
33.67, 264.72
-83.13, -176.77
242.1, 68.63
-29.94, -4.74
-3.23, 259.89
-13.52, -111.7
-248.13, 167.4
-382.03, 11.45
69.16, -145.61
-88.81, -56.77
-39.45, -90.34
123.33, -88.97
22.28, 203.05
-59.94, -107.95
113.79, 150.34
-21.0, -71.13
27.03, -84.65
275.67, 114.93
56.22, 25.46
371.05, 97.19
-317.0, -131.03
-111.67, 151.11
172.93, 76.89
84.0, 99.16
133.75, 195.48
41.54, 19.78
-192.07, 191.4
-34.43, 284.2
39.79, -272.93
197.5, 33.59
189.69, 132.09
-190.14, -211.17
-49.79, -14.48
-214.59, -112.95
36.37, -138.43
269.92, 186.72
111.82, 342.9
-267.48, 212.72
11.29, -114.9
11.42, 51.67
7.91, 120.9
14.73, 41.64
163.81, 285.97
-38.61, -130.83
162.57, -79.91
65.67, -144.85
96.49, -342.83
187.16, -45.79
109.98, -227.76
-12.83, 280.83
55.79, -47.08
-94.55, -181.69
-100.73, 51.88
-74.79, -148.12
26.26, 59.48
131.29, -157.48
13.1, -20.61
58.99, -58.17
271.43, 41.18
96.63, 114.14
51.41, -154.92
-123.87, -44.76
153.28, -139.91
-61.7, 107.66
119.93, -334.64
-57.83, 129.37
-22.23, 28.82
-55.27, -253.42
-111.25, 214.79
-77.59, -17.22
308.09, -25.98
-210.89, -157.34
-6.22, 271.29
-132.6, 88.12
132.36, 87.38
-239.79, -36.62
-128.74, 81.96
-62.34, 135.13
-31.91, -98.9
91.83, 286.01
50.68, -14.79
74.35, 84.39
201.49, 133.5
-159.76, 108.33
122.42, 136.94
-21.08, -99.63
-1.77, 50.6
-66.05, 233.99
-10.83, 129.78
202.16, 18.74
-23.34, 288.28
-95.84, -18.21
-113.13, -25.28
127.89, 97.06
93.52, 88.66
-38.17, -123.52
-47.6, -42.96
143.48, -341.21
-160.55, 115.38
-131.73, -46.02
-18.02, 156.19
27.35, -49.74
-319.78, -89.55
-43.49, 106.47
214.65, 214.2
-207.7, -182.87
-102.84, 319.11
170.71, -30.84
211.84, 18.74
-131.45, -249.77
-347.39, -59.11
4.21, 90.18
28.07, 230.25
95.42, 191.19
-71.83, 61.01
-12.93, -31.09
42.63, -41.88
-74.43, -107.77
38.11, 154.42
-47.34, 56.43
8.82, 296.58
149.47, -132.46
-122.51, -47.51
-5.44, 223.99
-36.34, 73.72
14.13, 8.68
360.91, 235.26
-366.07, 191.83
19.97, -203.11
-133.69, -167.34
-70.93, -164.51
-251.71, -256.47
-159.13, 151.87
-94.95, -102.17
57.1, -119.32
-134.48, -1.78
-260.31, -48.01
-2.24, -143.48
218.58, -100.42
-44.96, 10.64
4.11, 58.27
-37.25, 165.42
1.82, -100.38
-71.35, 42.52
-56.44, -296.96
-114.62, -322.6
-167.13, 81.49
-101.23, -122.22
-43.69, -230.91
39.23, -106.75
0.51, -37.77
-32.2, 143.48
-167.24, -59.44
-122.94, 34.01
-177.29, -239.32
139.39, -152.42
35.4, -71.67
102.27, -5.96
-113.87, 102.49
262.94, 165.36
40.48, 117.8
-19.17, -20.18
-222.43, 72.75
-54.08, -130.06
5.36, -16.95
-207.74, 108.06
-158.15, -28.43
-49.1, -21.17
158.46, 43.65
84.53, -86.8
218.24, -156.33
-145.61, 3.23
-13.06, -76.37
70.1, -125.4
-143.93, 98.42
101.25, 315.04
9.7, -41.16
-114.34, 73.17
-73.89, -134.74
10.12, -145.69
121.11, -36.11
152.64, -184.78
-130.96, -8.11
-25.88, -201.08
-119.06, -136.73
-67.98, -221.86
107.73, -214.02
106.59, -87.01
108.54, -151.56
21.45, -40.08
38.9, -45.35
-25.2, 47.67
156.79, -36.92
-224.68, 204.34
62.85, -31.83
133.08, 1.92
-125.77, 50.82
270.73, -22.18
216.16, -51.25
-164.55, -113.69
173.49, -5.48
-64.22, -186.88
-345.79, 41.46
-227.07, 26.18
-215.68, -57.95
77.65, -120.7
-12.61, 128.5
-219.65, -113.04
278.57, -73.95
30.27, -102.61
5.8, 2.59
12.51, 53.25
-375.73, 95.76
-66.26, 192.56
-187.93, -153.48
72.34, -72.36
99.14, -226.55
171.94, -2.6
23.51, -18.0
40.45, -109.22
-58.08, -165.85
-100.74, -268.05
132.35, -182.95
66.84, -102.94
-136.26, 15.55
45.31, -77.89
164.99, 232.15
49.17, -93.97
98.62, 9.93
193.78, 73.47
33.76, -327.05
318.34, -14.49
-63.74, 465.88
-151.59, -144.85
6.25, -144.86
-192.59, -126.53
-23.3, 58.36
-144.88, 195.71
-141.52, -148.23
148.65, 410.38
-121.66, -153.01
90.21, -85.68
-204.07, 74.78
325.56, 217.2
-38.03, -292.17
-345.67, 91.9
251.8, -317.18
-102.55, 55.03
57.21, -109.51
13.23, -24.84
-281.67, -88.69
-140.84, 78.18
-137.83, 193.26
276.39, -83.14
-104.51, 136.58
-57.62, 96.32
130.38, -44.02
111.43, 16.06
285.88, -142.19
119.25, 73.69
-33.57, -71.8
-99.48, -180.93
-12.34, -54.47
4.42, 66.48
58.12, -175.39
-46.45, 16.81
-77.98, -88.46
-122.49, -100.79
-109.93, -55.96
195.04, 210.78
565.37, -60.42
51.76, -127.44
-121.58, 43.71
-19.6, 20.77
-308.78, 88.35
117.64, 117.86
225.38, -306.01
-0.12, -63.59
0.49, 49.64
-232.16, -96.14
99.02, 272.89
-264.88, -124.42
245.45, 128.56
39.88, -85.23
97.33, 84.86
14.12, -40.95
-184.23, -14.36
276.42, -15.04
183.51, 16.27
-37.06, 12.61
-28.41, -77.53
-132.58, 125.75
-13.7, -12.06
-103.35, -41.5
132.77, 30.06
234.31, -69.64
210.26, 63.59
119.32, 101.65
-75.58, 44.68
67.02, 163.87
227.45, -228.73
-65.79, -118.71
72.51, -216.75
-103.77, 218.17
-3.5, -178.1
-129.29, -21.6
237.69, 40.29
-295.66, -26.16
-5.72, 14.62
268.74, -198.98
147.94, -19.71
95.63, -99.91
-149.59, -143.0
39.15, 29.62
239.03, -214.86
4.09, -401.74
10.23, 29.62
-103.09, -311.09
-108.82, -225.31
-38.54, -87.34
-217.93, 95.17
-127.22, -65.84
12.82, 58.0
53.02, 35.35
-17.97, 105.72
-50.48, -142.98
-298.71, -77.62
68.82, -78.06
211.1, 122.19
52.53, 55.4
-205.82, -27.98
-28.93, -73.8
71.64, -109.4
-1.83, 17.42
47.46, -74.0
156.17, -108.45
127.95, 82.44
172.6, -14.0
249.65, -46.67
115.63, -253.64
96.55, 71.25
-23.76, -35.69
104.76, -147.01
-101.04, -73.45
178.07, -248.17
-198.5, 31.73
41.47, 166.98
-11.04, -69.97
-420.04, -307.42
9.48, -13.8
-67.28, 140.15
0.16, 199.24
-158.04, 364.99
189.06, -268.06
48.26, -176.72
-19.18, 137.4
-209.69, -57.37
34.55, -29.62
-67.36, -389.04
-296.33, -188.92
51.39, 157.15
249.94, -133.66
-14.14, 271.38
-96.34, 47.47
-116.16, 162.45
-26.99, -38.42
41.87, 9.72
-111.35, 131.63
56.03, -164.72
-68.01, 29.62
-167.4, 68.08
-37.34, 162.12
-154.04, 21.29
-35.41, -198.92
-142.71, -81.9
12.73, -217.0
-224.3, 227.5
-22.15, -158.74
57.96, 101.32
68.76, -146.06
-47.04, -221.37
69.32, 86.3
-14.33, -158.79
64.71, 147.48
330.69, -92.49
-170.39, 4.83
-11.3, 133.48
-95.77, -118.19
-109.04, -65.29
8.27, 154.68
-33.42, -6.28
-146.53, -50.74
121.12, -168.2
223.91, 86.76
7.88, -58.34
-160.44, -3.89
-28.79, 149.8
89.71, 80.57
-96.06, 17.22
-123.19, -132.45
-209.9, -114.81
-90.83, -185.21
125.32, -71.41
143.62, 3.2
126.87, -172.12
21.82, 67.02
327.39, 39.67
28.11, 23.26
-21.18, 17.43
143.38, 47.49
-129.23, 71.22
-61.88, -55.95
26.25, 58.53
211.1, -8.2
60.46, 139.19
36.0, -39.72
-85.97, 343.55
30.66, 226.43
217.97, 18.14
-62.33, -73.45
-110.47, -112.12
16.19, -152.23
-128.2, 184.43
7.78, 17.34
84.13, 34.95
-195.44, 127.83
-194.53, 52.73
170.15, -164.64
-280.09, 93.78
-105.89, -298.58
51.33, -126.88
206.39, -21.57
-9.55, 178.87
-11.12, 24.55
44.11, 278.32
-34.56, 195.53
76.7, -151.53
26.81, 9.32
17.54, -19.69
58.81, 95.82
-149.52, 98.94
-10.39, 171.2
5.34, -34.7
54.5, 111.08
-168.47, 42.2
149.26, -48.87
218.98, 67.25
236.56, -79.0
162.55, -121.73
235.23, -109.4
-4.45, 57.18
-67.52, -188.4
-213.7, -352.08
-188.85, -37.53
-11.23, 100.57
99.15, 10.01
-145.49, -99.88
-137.58, -35.01
-210.85, -322.4
-65.03, 144.7
35.2, 168.68
-69.48, 135.19
-33.21, 138.69
233.78, 43.05
-165.18, -51.52
-2.76, -112.74
61.46, -45.43
-23.82, -57.98
-121.47, 65.38
116.37, -108.02
368.08, 100.41
-25.56, 84.34
72.01, 71.62
164.39, 128.42
-32.09, -188.7
99.84, 81.49
331.6, -175.05
72.92, -69.46
51.31, -66.04
-196.59, 23.0
195.16, 160.86
194.02, 11.26
160.9, -54.16
131.19, 164.29
-282.92, 32.2
-87.57, -176.81
13.55, -16.93
241.83, 111.74
-216.69, 127.82
-9.62, 19.41
3.26, -89.01
-17.76, -8.83
-3.9, 67.51
85.83, 35.5
322.21, 57.0
245.75, 118.62
119.38, -20.06
-51.25, -185.58
113.75, -91.65
5.37, -78.61
-143.89, -162.54
449.41, -301.85
-53.32, 15.08
-49.16, 64.65
207.16, -6.68
79.03, 34.34
-21.29, -45.41
55.47, 40.97
11.6, 54.16
-6.55, -29.82
-67.26, -309.08
-4.69, -14.6
-84.77, -237.17
-336.2, -280.08
-107.2, 44.96
38.39, -8.01
-246.12, -69.74
-124.73, 79.35
-36.33, 43.93
-3.9, -18.09
-121.2, 52.96
330.45, -2.41
127.33, -33.22
-221.19, -123.27
112.72, 119.83
-27.59, 230.51
302.59, -160.04
-99.9, 173.39
-26.97, 62.87
-82.5, 30.29
-54.74, 64.89
65.92, -39.76
84.89, 149.55
60.65, -143.34
-283.97, -158.54
377.97, -404.98
84.86, 67.25
-250.68, -304.59
126.2, 61.82
-44.65, -66.67
40.77, 20.7
90.68, 11.13
121.58, -230.76
-57.15, 212.61
-54.73, -179.39
80.44, 233.39
-311.03, 149.31
112.38, 41.11
-199.21, -94.75
134.58, -59.93
-78.46, -21.23
-50.97, -44.9
-369.28, -1.35
-62.57, -12.73
112.48, -41.33
-175.76, -18.01
27.04, 90.02
85.51, 118.83
-37.97, 275.8
-9.69, -148.37
-126.25, -56.71
86.51, 54.45
-3.28, 32.45
323.11, 69.1
-12.53, 131.94
-261.19, 31.76
-116.89, -156.71
-72.41, 58.92
17.61, -56.88
267.76, -28.95
-24.22, -97.67
-11.35, -129.86
-30.93, -184.0
181.66, 56.76
134.21, -135.57
48.39, 50.4
43.91, 42.67
-61.76, -99.97
-116.23, -139.89
-202.56, 96.58
40.38, -94.72
180.52, -62.86
162.21, 47.89
227.42, 58.91
74.24, 112.85
-13.82, 82.04
240.83, -143.98
178.45, -236.61
-46.24, -86.03
-188.15, 212.38
-169.2, -85.99
-38.47, -124.7
-119.08, 35.79
278.09, 78.15
149.56, -62.66
-101.23, 129.16
-83.63, -36.05
96.05, -147.77
3.65, -227.34
-20.61, -17.7
-50.16, 298.77
-270.02, -114.74
-80.72, -78.8
29.7, -62.24
77.76, 142.02
125.46, 183.61
13.79, -7.22
3.99, 56.46
49.22, 161.09
-117.21, -110.79
-187.22, 183.27
134.52, -94.86
36.2, -168.82
-149.3, -134.53
-31.99, -121.05
-103.6, 36.75
-50.96, -154.78
112.01, -241.47
-99.77, -75.21
-111.05, 33.01
161.67, -233.17
-112.76, -102.54
-132.73, -2.49
171.68, -122.35
46.21, 160.52
35.41, -2.68
102.31, -146.03
33.89, -108.13
24.97, -43.44
-111.46, 9.04
-2.53, 287.81
217.88, -76.02
-43.64, 100.15
15.19, 264.37
-270.91, -19.03
5.33, -172.47
13.58, 22.04
-1.18, -38.77
114.29, 337.72
-57.45, -159.86
-50.33, -78.2
46.37, 233.52
19.19, 253.74
-188.66, 64.38
-124.23, 44.21
79.32, -232.29
31.68, 131.47
-176.83, 42.81
113.74, -134.86
-154.83, 120.82
-266.64, 241.1
101.71, 185.67
-57.43, -164.61
127.67, 98.24
59.0, 205.16
-162.5, 36.27
-249.89, 57.76
173.47, -17.44
-208.94, -50.22
66.31, -92.59
-20.06, -190.22
313.83, -105.54
126.93, 100.39
-28.32, 305.25
-171.14, -35.93
-83.12, 24.97
-30.72, -189.66
-103.01, -100.34
7.59, -103.73
286.08, -46.88
210.06, 74.76
-38.91, 221.33
-100.0, -206.51
6.36, -113.59
102.91, 116.83
41.41, -516.64
17.7, -194.3
-146.18, 176.64
108.03, -183.5
-72.75, -111.41
-73.85, 206.67
88.75, 53.08
162.09, 18.16
-280.66, 124.68
231.96, 18.58
-55.2, -161.6
304.69, -156.17
181.1, -352.14
-205.55, -239.86
-62.78, 9.67
72.06, 20.81
48.26, -40.99
57.57, 194.64
215.05, 113.14
148.07, -11.55
425.45, -173.43
-203.48, 167.7
120.2, 151.66
-29.88, 41.7
70.94, 364.83
-91.11, -180.36
148.75, 20.33
145.02, 7.09
115.39, -217.06
-7.86, 84.36
122.42, 134.41
53.21, -116.18
-75.29, 152.19
75.79, 40.04
-93.34, -51.89
173.85, 113.72
-117.49, -100.27
74.07, 249.35
-179.19, -85.77
-183.91, 71.47
101.53, 73.72
42.59, -110.62
-65.61, -101.36
-29.9, 18.37
102.22, 169.15
-16.81, -114.94
135.78, -5.36
-46.98, 177.44
72.99, -110.13
21.63, 127.12
90.13, -99.35
-186.72, -114.61
-130.43, 101.66
-164.32, -9.36
-275.91, 246.58
-29.69, 33.25
229.94, 239.85
115.39, 94.95
87.62, -57.65
195.42, 5.81
-46.17, 1.15
33.45, -168.54
196.04, -235.48
-91.76, -100.03
17.11, 82.38
-205.7, 39.26
-96.89, -88.19
200.79, 120.14
-37.9, 80.02
170.52, 43.09
-170.95, -1.48
-8.52, 506.02
-340.91, 119.37
-6.88, 229.5
-207.87, 91.75
322.7, 175.44
-67.31, 35.14
17.96, -100.62
0.56, 69.01
-95.36, 153.83
-64.53, 106.88
40.96, -40.45
211.6, -41.5
-20.03, 1.08
-87.71, -25.33
200.05, 184.63
114.61, -16.63
-80.09, -246.69
-448.75, 249.88
-245.16, -8.54
31.49, 12.65
-11.69, -14.4
-41.58, 83.59
-3.92, 130.08
-123.58, 52.57
139.19, -356.14
6.68, -139.0
44.19, 136.63
-123.73, -196.33
95.07, 2.43
-11.98, -184.05
-106.54, 62.46
228.89, 86.28
-298.41, 24.72
-23.49, 215.72
182.53, 133.28
-41.96, -188.87
123.61, -105.86
23.12, -150.84
116.83, -56.39
211.38, 2.66
164.92, -38.51
113.42, 140.09
90.0, 48.89
116.77, 182.71
-39.18, -158.15
-28.37, 85.44
233.35, 8.27
-51.49, 174.36
-57.17, -46.19
-55.6, -251.22
-198.33, 39.44
-61.78, -6.47
91.83, 72.7
-267.89, 50.13
-126.06, 95.11
-93.91, 234.88
275.16, 14.3
11.12, 133.31
-162.68, 170.82
115.61, 127.12
7.64, 64.16
97.06, 418.22
-109.04, -67.41
55.82, 97.17
-79.04, -72.65
35.14, -9.15
-89.38, 55.9
317.41, 94.26
82.73, 252.21
97.28, -402.09
-25.12, -56.45
26.09, 224.74
314.01, -88.87
144.8, 69.54
-29.84, -104.43
157.15, 209.07
77.42, -362.21
39.68, 82.42
-167.17, -23.86
-45.06, 149.49
-183.05, -88.86
259.34, -20.67
-20.98, 201.97
85.65, 44.57
-98.11, -146.51
-105.81, -6.81
-93.67, -213.58
-208.65, -96.11
-291.08, 336.66
-215.55, 104.5
-228.82, -243.36
74.85, -71.08
-37.19, 107.76
-36.39, -34.12
26.45, -85.66
113.92, -99.39
-194.83, 143.84
-11.16, 65.97
-36.33, 41.06
-111.67, 40.88
-42.21, 36.54
123.71, -114.66
73.36, -130.87
-188.85, -237.36
-112.85, 65.57
76.46, 86.93
80.4, 150.08
170.34, 90.93
-97.59, 18.31
-124.79, -180.14
13.77, -183.56
-143.49, 27.97
-108.19, -4.59
-322.09, -26.37
53.33, 70.27
-31.29, -118.46
255.95, -44.78
167.21, -213.87
57.83, -13.86
-49.58, -231.64
9.73, -118.34
-13.65, 64.11
64.71, -23.87
-64.57, 55.04
1.42, 205.65
62.71, 212.18
-212.22, -76.84
-166.25, -183.53
74.8, -0.22
-120.31, 90.95
123.42, -75.3
239.01, 77.88
35.36, 42.75
-120.37, 125.13
-176.51, -1.93
-53.99, 134.96
100.19, -154.63
21.18, 240.66
6.0, -18.89
149.95, 86.6
173.63, -3.5
33.82, 106.16
10.14, 38.38
251.33, 207.71
-153.91, -56.34
33.03, -266.98
-86.17, -146.01
-243.54, 46.9
-147.97, -90.59
86.27, 29.56
-176.5, -117.67
122.39, -55.26
28.57, -84.06
-209.39, -4.11
-40.52, -128.65
24.52, 235.04
49.83, 73.92
2.37, 43.14
-71.55, 200.05
48.83, 135.26
-206.48, 106.1
-119.32, -156.76
225.81, -55.0
145.6, -161.51
-121.32, -238.98
-30.11, -294.14
203.66, 139.79
-77.43, 23.34
375.07, 174.02
-96.88, -131.04
69.97, -22.54
131.07, 87.32
-54.0, -25.44
185.07, 129.56
9.11, 77.75
-81.15, -98.96
-33.96, -228.48
